(227,0,171)
(106,0,173)
(52,0,0)
(85,0,0)
(31,0,175)
(184,0,1)
(95,0,180)
(168,0,182)
(233,0,4)
(256,0,5)
(125,0,9)
(6,0,187)
(270,0,10)
(209,0,11)
(247,0,12)
(127,0,14)
(197,0,15)
(35,0,15)
(185,0,15)
(257,0,15)
(275,0,16)
(30,0,17)
(78,0,203)
(100,0,203)
(264,0,203)
(274,0,203)
(209,0,19)
(56,0,19)
(58,0,21)
(105,0,21)
(280,0,23)
(183,0,25)
(121,0,206)
(83,0,26)
(233,0,211)
(253,0,29)
(185,0,33)
(212,0,218)
(284,0,217)
(123,0,36)
(104,0,220)
(24,0,39)
(168,0,40)
(256,0,41)
(168,0,172)
(298,0,45)
(257,0,46)
(250,0,48)
(271,0,181)
(133,0,50)
(292,0,53)
(256,0,54)
(122,0,59)
(114,0,191)
(215,0,69)
(229,0,70)
(178,0,73)
(130,0,75)
(38,0,76)
(298,0,79)
(216,0,80)
(13,0,81)
(274,0,81)
(224,0,210)
(223,0,210)
(272,0,213)
(114,0,84)
(194,0,86)
(32,0,90)
(95,0,221)
(60,0,91)
(121,0,91)
(195,0,225)
(52,0,96)
(85,0,96)
(229,0,96)
(82,0,98)
(6,0,102)
(212,0,239)
(44,0,240)
(49,0,240)
(263,0,241)
(207,0,246)
(209,0,110)
(56,0,110)
(298,0,251)
(123,0,117)
(74,0,259)
(61,0,132)
(178,0,262)
(42,0,262)
(47,0,262)
(49,0,265)
(104,0,265)
(112,0,265)
(122,0,268)
(60,0,269)
(126,0,273)
(302,0,145)
(190,0,146)
(126,0,282)
(222,0,157)
(129,0,285)
(100,0,154)
(78,0,286)
(302,0,289)
(183,0,288)
(264,0,156)
(292,0,291)
(194,0,293)
(224,0,161)
(223,0,161)
(2,0,164)
(136,0,297)
(44,0,299)
(83,0,299)
(104,0,299)
(112,0,299)
(208,0,300)
(127,0,300)
(176,0,304)
(232,0,101)
(250,0,235)
(272,0,108)
(65,0,111)
(32,0,252)
(129,0,252)
(47,0,119)
(66,0,124)
(192,0,254)
(195,0,128)
(216,0,261)
(7,0,135)
(123,0,267)
(253,0,138)
(104,0,139)
(58,0,142)
(105,0,142)
(71,0,147)
(24,0,148)
(275,0,149)
(231,0,153)
(253,0,155)
(65,0,287)
(226,0,162)
(276,0,296)
(223,0,165)
(208,0,167)
(176,0,301)
(193,0,97)
(178,4,63)
(2,4,63)
(3,4,63)
(6,4,63)
(7,4,63)
(183,4,63)
(8,4,63)
(192,4,63)
(13,4,63)
(194,4,63)
(196,4,63)
(198,4,63)
(197,4,63)
(20,4,63)
(22,4,63)
(24,4,63)
(207,4,63)
(208,4,63)
(209,4,63)
(27,4,63)
(30,4,63)
(31,4,63)
(32,4,63)
(212,4,63)
(35,4,63)
(222,4,63)
(37,4,63)
(224,4,63)
(226,4,63)
(228,4,63)
(38,4,63)
(230,4,63)
(42,4,63)
(232,4,63)
(44,4,63)
(176,4,63)
(47,4,63)
(49,4,63)
(51,4,63)
(52,4,63)
(177,4,63)
(184,4,63)
(56,4,63)
(58,4,63)
(60,4,63)
(61,4,63)
(185,4,63)
(189,4,63)
(64,4,63)
(65,4,63)
(66,4,63)
(67,4,63)
(193,4,63)
(195,4,63)
(71,4,63)
(190,4,63)
(74,4,63)
(205,4,63)
(78,4,63)
(82,4,63)
(83,4,63)
(85,4,63)
(215,4,63)
(216,4,63)
(223,4,63)
(227,4,63)
(93,4,63)
(94,4,63)
(95,4,63)
(231,4,63)
(229,4,63)
(233,4,63)
(100,4,63)
(104,4,63)
(238,4,63)
(106,4,63)
(112,4,63)
(242,4,63)
(250,4,63)
(122,4,63)
(123,4,63)
(253,4,63)
(125,4,63)
(130,4,63)
(264,4,63)
(272,4,63)
(274,4,63)
(140,4,63)
(141,4,63)
(284,4,63)
(158,4,63)
(292,4,63)
(295,4,63)
(298,4,63)
(168,4,63)
(302,4,63)
(170,4,63)
(105,4,63)
(243,4,63)
(247,4,63)
(114,4,63)
(121,4,63)
(256,4,63)
(126,4,63)
(127,4,63)
(129,4,63)
(257,4,63)
(260,4,63)
(133,4,63)
(263,4,63)
(136,4,63)
(270,4,63)
(271,4,63)
(276,4,63)
(275,4,63)
(144,4,63)
(278,4,63)
(280,4,63)
(151,4,63)
(159,4,63)
(205,6,173)
(52,6,0)
(231,6,186)
(35,6,188)
(257,6,188)
(256,6,18)
(275,6,201)
(100,6,203)
(126,6,203)
(122,6,28)
(78,6,214)
(284,6,34)
(270,6,34)
(104,6,219)
(250,6,39)
(49,6,43)
(168,6,172)
(22,6,174)
(298,6,45)
(184,6,179)
(209,6,181)
(226,6,55)
(126,6,57)
(190,6,62)
(253,6,68)
(215,6,69)
(250,6,199)
(49,6,72)
(209,6,202)
(133,6,200)
(178,6,73)
(49,6,204)
(38,6,76)
(280,6,77)
(100,6,81)
(256,6,81)
(195,6,87)
(22,6,88)
(95,6,89)
(104,6,92)
(56,6,225)
(195,6,225)
(121,6,225)
(52,6,96)
(95,6,234)
(13,6,237)
(263,6,241)
(224,6,107)
(125,6,109)
(177,6,246)
(66,6,115)
(190,6,115)
(140,6,116)
(130,6,245)
(264,6,258)
(193,6,131)
(178,6,262)
(209,6,266)
(44,6,265)
(185,6,265)
(112,6,265)
(56,6,137)
(122,6,279)
(302,6,145)
(106,6,150)
(35,6,283)
(253,6,283)
(257,6,283)
(222,6,157)
(60,6,152)
(32,6,285)
(302,6,289)
(224,6,161)
(112,6,299)
(250,6,300)
(66,6,103)
(114,6,235)
(114,6,236)
(6,6,244)
(298,6,248)
(298,6,113)
(222,6,249)
(233,6,249)
(32,6,252)
(212,6,118)
(74,6,120)
(192,6,254)
(78,6,255)
(61,6,134)
(2,6,135)
(194,6,139)
(35,6,139)
(185,6,139)
(257,6,139)
(194,6,277)
(274,6,277)
(47,6,143)
(212,6,281)
(275,6,149)
(47,6,290)
(168,6,160)
(106,6,294)
(227,6,163)
(31,6,296)
(216,6,296)
(141,6,166)
(176,6,169)
(176,6,303)
